P	0.118	1.009	0.492	0.305
P	0.126	0.985	0.511	0.307
T	0.140	1.005	0.630
P	0.119	1.000	0.491	0.299
W	0.234	0.985	0.303
P	0.129	1.004	0.499	0.311
W	0.236	0.995	0.303
T	0.116	1.003	0.577
T	0.126	1.004	0.591
T	0.136	1.004	0.634
W	0.235	1.019	0.298
W	0.227	0.984	0.304
P	0.132	0.991	0.513	0.301
P	0.122	0.995	0.501	0.299
T	0.129	1.029	0.608
P	0.116	1.002	0.495	0.299
P	0.122	0.989	0.505	0.303
P	0.125	1.025	0.501	0.299
W	0.220	0.992	0.298
W	0.231	0.996	0.303
W	0.224	0.982	0.296
W	0.216	0.970	0.303
P	0.113	0.996	0.478	0.303
W	0.238	0.998	0.307
T	0.119	1.010	0.593
W	0.228	0.998	0.305
P	0.117	1.005	0.497	0.304
W	0.219	1.001	0.299
P	0.120	0.995	0.491	0.300
W	0.224	1.000	0.300
P	0.124	0.993	0.498	0.309
T	0.119	1.006	0.584
W	0.220	1.013	0.302
T	0.113	0.992	0.578
P	0.120	1.011	0.499	0.300
P	0.120	0.991	0.495	0.306
P	0.121	1.021	0.503	0.309
W	0.229	1.002	0.299
W	0.219	1.001	0.293
P	0.117	1.002	0.490	0.306
P	0.124	0.995	0.504	0.300
T	0.136	1.017	0.619
T	0.113	1.010	0.571
W	0.230	1.003	0.299
W	0.224	1.002	0.299
T	0.109	1.009	0.554
T	0.115	0.992	0.575
P	0.125	1.007	0.500	0.312
T	0.115	0.998	0.580
W	0.241	1.014	0.300
P	0.114	1.008	0.482	0.297
P	0.115	0.994	0.502	0.292
T	0.115	0.988	0.585
W	0.214	0.995	0.299
W	0.224	1.004	0.298
P	0.117	1.003	0.492	0.299
W	0.226	0.995	0.300
T	0.129	1.017	0.610
T	0.122	1.004	0.596
T	0.125	1.011	0.595
P	0.120	1.009	0.511	0.299
W	0.235	1.013	0.303
T	0.111	0.998	0.563
P	0.125	0.998	0.495	0.307
T	0.129	0.993	0.607
T	0.132	0.994	0.618
P	0.119	0.989	0.488	0.304
P	0.119	0.991	0.508	0.294
T	0.120	1.019	0.586
T	0.119	0.999	0.591
T	0.116	0.988	0.584
W	0.229	1.008	0.299
W	0.227	1.014	0.300
T	0.118	0.989	0.593
T	0.114	0.998	0.581
W	0.229	0.997	0.305
P	0.114	0.998	0.492	0.292
P	0.122	1.011	0.498	0.301
W	0.232	1.012	0.303
W	0.237	0.997	0.304
W	0.239	1.002	0.304
P	0.121	0.994	0.508	0.305
W	0.202	0.991	0.294
P	0.116	0.992	0.509	0.282
T	0.113	1.000	0.589
W	0.229	1.010	0.299
W	0.230	1.017	0.300
T	0.108	1.002	0.566
T	0.123	1.014	0.593
P	0.117	0.997	0.503	0.292
W	0.223	0.997	0.299
W	0.226	0.995	0.300
W	0.228	1.003	0.306
W	0.223	0.992	0.303
P	0.126	1.000	0.498	0.313
T	0.119	0.984	0.601
W	0.236	1.010	0.304
T	0.127	0.999	0.597
T	0.128	0.999	0.609
T	0.136	1.008	0.616
P	0.110	1.003	0.481	0.291
P	0.121	1.001	0.490	0.308
P	0.112	0.991	0.490	0.289
W	0.238	1.007	0.306
P	0.129	0.999	0.499	0.310
T	0.128	0.979	0.621
T	0.136	1.000	0.634
T	0.130	0.989	0.610
W	0.225	1.000	0.298
T	0.126	0.999	0.599
P	0.113	0.989	0.501	0.295
T	0.127	0.996	0.590
W	0.217	0.983	0.297
W	0.222	0.989	0.300
T	0.113	0.997	0.583
W	0.232	1.008	0.303
W	0.216	0.992	0.299
W	0.235	1.012	0.303
W	0.237	1.002	0.307
T	0.130	0.993	0.615
P	0.120	1.001	0.492	0.306
P	0.129	1.001	0.502	0.317
W	0.235	1.001	0.301
T	0.128	1.011	0.596
T	0.129	0.992	0.601
T	0.129	0.993	0.611
W	0.240	1.026	0.298
W	0.231	1.000	0.301
T	0.113	0.993	0.579
P	0.123	0.996	0.521	0.311
T	0.125	1.011	0.599
W	0.231	0.998	0.303
P	0.125	0.992	0.512	0.292
W	0.226	0.984	0.302
W	0.223	0.993	0.306
W	0.227	1.014	0.301
W	0.225	0.986	0.303
P	0.121	0.987	0.510	0.306
W	0.219	0.993	0.293
T	0.127	1.011	0.599
W	0.224	1.006	0.301
P	0.114	0.985	0.494	0.282
P	0.132	1.007	0.517	0.320
W	0.223	1.024	0.298
T	0.129	1.005	0.617
T	0.123	0.993	0.604
W	0.239	1.017	0.300
T	0.113	1.000	0.567
W	0.221	1.003	0.299
W	0.221	0.998	0.295
P	0.123	0.978	0.505	0.313
W	0.215	1.008	0.297
T	0.122	0.995	0.593
P	0.122	1.018	0.489	0.296
P	0.124	0.996	0.521	0.305
P	0.119	0.988	0.500	0.298
P	0.119	0.994	0.499	0.294
W	0.226	0.993	0.300
T	0.130	0.988	0.616
W	0.235	1.002	0.300
W	0.227	1.015	0.301
T	0.141	1.010	0.621
W	0.225	0.995	0.298
P	0.113	0.996	0.502	0.282
P	0.124	1.000	0.485	0.309
T	0.132	0.992	0.620
W	0.219	1.005	0.301
T	0.132	0.991	0.604
P	0.120	0.988	0.492	0.318
P	0.123	1.021	0.493	0.302
W	0.224	1.020	0.298
T	0.129	0.990	0.612
P	0.132	1.009	0.497	0.317
W	0.220	1.020	0.296
P	0.122	0.990	0.522	0.302
P	0.118	0.990	0.509	0.298
W	0.237	1.000	0.303
W	0.231	1.000	0.301
P	0.121	0.984	0.499	0.311
W	0.218	0.993	0.297
W	0.217	0.993	0.299
W	0.227	1.007	0.300
P	0.119	0.986	0.496	0.303
W	0.235	1.009	0.301
P	0.107	1.018	0.486	0.287
W	0.225	1.011	0.299
T	0.125	0.995	0.602
T	0.136	1.017	0.617
W	0.217	1.010	0.297
W	0.230	1.007	0.295
W	0.214	1.003	0.302
W	0.225	0.998	0.298
T	0.135	0.997	0.629
W	0.211	0.995	0.297
P	0.126	1.007	0.513	0.307
T	0.125	0.998	0.604
W	0.232	1.013	0.303
W	0.226	1.002	0.299
W	0.224	1.005	0.299
P	0.122	1.001	0.501	0.292
W	0.208	1.003	0.295
P	0.122	1.009	0.495	0.308
P	0.128	0.999	0.500	0.306
W	0.234	0.998	0.304
T	0.130	1.016	0.617
W	0.224	1.007	0.303
P	0.128	0.991	0.493	0.327
W	0.232	1.014	0.300
T	0.106	0.995	0.555
W	0.227	1.011	0.303
P	0.125	1.013	0.512	0.291
W	0.223	0.992	0.301
T	0.111	1.011	0.571
W	0.235	0.998	0.302
T	0.121	1.032	0.582
P	0.114	0.998	0.486	0.302
T	0.124	0.993	0.604
T	0.136	0.999	0.620
T	0.137	1.013	0.627
T	0.113	0.998	0.572
T	0.117	0.984	0.583
P	0.124	0.994	0.500	0.315
W	0.229	0.983	0.299
W	0.230	0.989	0.302
P	0.120	1.011	0.491	0.301
W	0.223	0.992	0.300
T	0.131	1.004	0.605
T	0.136	0.978	0.628
T	0.131	0.997	0.610
P	0.115	0.992	0.501	0.289
T	0.123	0.981	0.602
W	0.233	1.004	0.302
T	0.130	1.008	0.601
T	0.117	0.993	0.574
W	0.244	1.004	0.302
W	0.226	0.990	0.304
P	0.114	1.018	0.501	0.287
W	0.233	1.003	0.302
P	0.131	1.003	0.531	0.300
W	0.223	0.996	0.297
W	0.229	1.002	0.303
T	0.113	0.997	0.574
P	0.117	0.994	0.491	0.291
P	0.119	1.011	0.502	0.304
P	0.121	0.996	0.496	0.306
W	0.229	1.018	0.303
T	0.132	0.995	0.604
P	0.118	1.008	0.500	0.296
P	0.117	0.988	0.484	0.298
P	0.117	1.012	0.503	0.288
T	0.130	1.004	0.606
T	0.136	1.012	0.617
P	0.107	0.983	0.471	0.298
P	0.120	0.980	0.512	0.302
P	0.122	1.002	0.507	0.296
P	0.130	0.994	0.511	0.311
T	0.146	1.022	0.646
W	0.226	0.998	0.299
W	0.227	0.987	0.302
T	0.121	0.998	0.601
W	0.236	0.999	0.301
T	0.118	1.002	0.578
W	0.238	1.011	0.301
W	0.236	0.998	0.299
P	0.116	1.012	0.506	0.286
T	0.115	1.010	0.572
P	0.125	1.008	0.515	0.299
T	0.127	0.989	0.609
P	0.111	1.003	0.500	0.279
W	0.212	1.014	0.297
W	0.231	1.006	0.300
W	0.220	1.008	0.298
P	0.130	1.003	0.502	0.318
T	0.118	1.005	0.585
T	0.110	1.000	0.569
W	0.232	1.000	0.299
W	0.225	0.986	0.302
T	0.114	1.011	0.567
W	0.241	1.030	0.305
W	0.222	0.985	0.301
P	0.115	0.988	0.502	0.289
P	0.127	1.011	0.499	0.309
T	0.126	1.010	0.600
W	0.219	0.998	0.295
T	0.134	1.000	0.624
W	0.219	0.995	0.301
W	0.226	1.001	0.299
P	0.113	1.006	0.487	0.287
T	0.118	1.013	0.590
P	0.127	1.000	0.499	0.304
T	0.114	1.003	0.578
W	0.230	1.017	0.303
W	0.225	1.014	0.302
T	0.116	1.012	0.584
W	0.238	0.995	0.306
W	0.226	0.996	0.305
W	0.236	1.006	0.299
P	0.127	0.992	0.506	0.307
W	0.230	1.008	0.298
T	0.110	1.008	0.577
P	0.107	1.010	0.485	0.281
W	0.220	1.009	0.299
W	0.220	0.991	0.305
W	0.232	1.002	0.302
P	0.114	0.976	0.497	0.301
W	0.240	1.003	0.303
P	0.122	1.006	0.505	0.302
W	0.232	0.992	0.299
T	0.120	1.002	0.597
T	0.128	0.996	0.617
T	0.121	0.997	0.589
W	0.222	0.992	0.300
P	0.123	1.004	0.512	0.295
P	0.127	0.988	0.518	0.304
W	0.240	0.996	0.302
W	0.221	0.991	0.299
P	0.118	1.004	0.506	0.298
P	0.109	0.988	0.495	0.287
P	0.114	0.982	0.493	0.304
P	0.125	1.004	0.494	0.299
P	0.115	0.993	0.500	0.294
W	0.222	1.017	0.298
T	0.131	1.011	0.623
W	0.230	1.012	0.302
P	0.121	0.996	0.503	0.301
P	0.121	1.017	0.492	0.295
T	0.111	0.992	0.579
T	0.132	0.996	0.618
P	0.122	1.017	0.500	0.295
T	0.136	0.999	0.625
P	0.117	1.004	0.498	0.292
W	0.237	1.007	0.298
W	0.223	0.986	0.305
T	0.125	1.002	0.596
T	0.121	0.988	0.598
P	0.121	1.001	0.497	0.302
W	0.229	0.993	0.301
T	0.111	1.002	0.565
T	0.127	1.007	0.615
T	0.112	0.983	0.574
P	0.117	0.997	0.481	0.308
P	0.125	1.004	0.510	0.301
P	0.113	1.005	0.481	0.293
W	0.233	0.994	0.303
P	0.121	1.003	0.486	0.309
W	0.220	1.007	0.299
W	0.222	0.998	0.295
P	0.117	1.015	0.499	0.294
W	0.224	0.998	0.299
P	0.115	1.013	0.483	0.298
P	0.120	0.996	0.504	0.304
W	0.225	1.007	0.301
P	0.124	0.997	0.520	0.305
T	0.123	1.010	0.585
T	0.126	1.004	0.599
T	0.141	1.030	0.629
P	0.119	0.995	0.499	0.310
W	0.227	0.996	0.304
T	0.124	1.014	0.618
T	0.134	1.012	0.615
W	0.231	0.999	0.306
T	0.123	1.007	0.593
W	0.251	1.000	0.306
P	0.126	1.007	0.524	0.301
T	0.128	1.011	0.609
P	0.123	0.986	0.514	0.299
T	0.135	0.999	0.622
P	0.118	0.992	0.491	0.304
T	0.118	1.017	0.587
T	0.122	1.018	0.594
P	0.121	1.001	0.513	0.297
P	0.125	0.995	0.503	0.309
W	0.231	1.016	0.298
W	0.231	0.998	0.305
P	0.112	1.003	0.500	0.285
W	0.224	0.999	0.296
T	0.117	0.991	0.581
T	0.128	1.004	0.598
T	0.126	1.005	0.596
W	0.231	1.021	0.296
T	0.137	1.007	0.617
W	0.218	0.979	0.298
T	0.115	1.006	0.571
T	0.119	1.008	0.573
T	0.126	1.007	0.607
P	0.112	1.008	0.494	0.287
W	0.232	1.023	0.299
W	0.232	0.996	0.301
T	0.109	0.992	0.566
W	0.232	1.009	0.301
T	0.134	0.998	0.619
T	0.104	0.990	0.563
P	0.117	0.997	0.503	0.306
P	0.112	0.980	0.498	0.292
W	0.236	0.989	0.303
P	0.133	1.018	0.495	0.328
P	0.118	1.010	0.505	0.294
P	0.134	1.026	0.510	0.319
P	0.106	0.982	0.489	0.284
W	0.230	0.990	0.300
P	0.124	1.012	0.513	0.295
T	0.127	1.010	0.603
T	0.106	0.989	0.569
W	0.229	1.010	0.298
W	0.233	1.008	0.299
W	0.227	1.007	0.300
W	0.234	1.004	0.303
T	0.113	0.996	0.575
W	0.219	1.006	0.296
P	0.112	0.999	0.486	0.286
W	0.234	0.997	0.300
T	0.127	0.983	0.598
P	0.125	1.005	0.499	0.315
T	0.124	0.989	0.598
W	0.229	1.009	0.302
W	0.228	1.011	0.300
P	0.129	1.012	0.510	0.306
T	0.114	0.990	0.569
T	0.126	0.990	0.598
T	0.131	1.002	0.618
W	0.213	0.999	0.298
P	0.121	0.994	0.503	0.303
P	0.118	0.991	0.506	0.295
T	0.116	0.991	0.579
W	0.235	0.999	0.304
P	0.128	0.999	0.503	0.315
W	0.221	1.004	0.299
W	0.236	0.997	0.303
P	0.122	0.997	0.500	0.304
T	0.131	1.004	0.617
W	0.223	0.998	0.304
W	0.234	0.986	0.302
W	0.217	0.976	0.300
W	0.217	0.971	0.297
W	0.209	0.997	0.294
T	0.125	0.991	0.604
T	0.116	1.015	0.577
T	0.123	0.996	0.597
W	0.221	0.997	0.298
W	0.231	1.004	0.303
W	0.217	1.000	0.296
T	0.122	1.007	0.585
W	0.219	0.999	0.297
P	0.123	1.005	0.504	0.302
T	0.119	1.009	0.590
T	0.115	1.005	0.577
T	0.127	0.988	0.609
W	0.229	1.007	0.302
W	0.228	0.994	0.303
P	0.117	0.991	0.491	0.294
W	0.226	1.012	0.301
P	0.120	0.981	0.503	0.309
P	0.122	1.009	0.494	0.306
T	0.116	0.996	0.577
W	0.229	1.013	0.301
P	0.129	0.994	0.490	0.320
T	0.121	1.006	0.593
T	0.134	1.012	0.612
W	0.227	0.975	0.302
T	0.127	0.981	0.611
T	0.135	0.999	0.633
W	0.222	0.998	0.298
W	0.216	0.990	0.300
P	0.127	0.999	0.519	0.303
W	0.218	0.996	0.299
P	0.125	0.975	0.504	0.305
P	0.119	1.003	0.498	0.297
P	0.125	1.001	0.502	0.308
W	0.224	1.007	0.299
P	0.119	1.004	0.502	0.304
T	0.131	1.020	0.594
T	0.115	0.993	0.574
T	0.122	0.985	0.595
P	0.122	0.993	0.497	0.303
P	0.126	1.009	0.507	0.310
P	0.117	0.992	0.500	0.289
T	0.127	0.994	0.599
P	0.116	0.999	0.495	0.287
W	0.221	0.980	0.304
W	0.229	0.996	0.299
W	0.229	0.997	0.298
T	0.144	0.992	0.641
T	0.120	0.990	0.597
W	0.222	1.001	0.297
W	0.230	1.024	0.300
T	0.134	1.012	0.625
P	0.120	1.010	0.488	0.297
W	0.210	0.999	0.300
W	0.227	0.999	0.300
T	0.111	1.006	0.573
W	0.214	1.003	0.295
T	0.130	1.004	0.604
P	0.117	0.988	0.495	0.307
W	0.224	0.999	0.298
W	0.205	0.992	0.291
W	0.230	0.998	0.298
P	0.120	1.005	0.499	0.296
P	0.118	1.003	0.493	0.301
T	0.118	0.993	0.590
P	0.106	0.995	0.510	0.266
T	0.118	1.009	0.585
P	0.130	0.999	0.515	0.315
P	0.113	0.994	0.501	0.296
P	0.124	1.018	0.496	0.305
P	0.121	0.998	0.494	0.312
T	0.147	0.989	0.650
W	0.223	1.010	0.297
P	0.123	1.006	0.505	0.304
T	0.125	1.014	0.593
W	0.231	1.019	0.300
T	0.121	1.000	0.587
W	0.228	1.024	0.299
P	0.118	0.986	0.493	0.303
P	0.125	1.009	0.500	0.301
W	0.212	0.994	0.299
P	0.121	1.003	0.502	0.294
W	0.235	1.008	0.304
P	0.128	0.985	0.506	0.323
T	0.113	1.011	0.581
P	0.118	1.006	0.510	0.293
W	0.222	0.983	0.303
T	0.145	0.996	0.635
T	0.132	0.997	0.613
T	0.130	0.987	0.609
T	0.130	1.001	0.607
P	0.124	1.000	0.494	0.302
P	0.128	1.008	0.518	0.308
P	0.120	0.980	0.497	0.299
P	0.114	0.973	0.512	0.296
W	0.216	1.007	0.298
P	0.122	0.984	0.510	0.305
W	0.223	0.994	0.302
P	0.107	0.985	0.512	0.275
W	0.239	1.013	0.303
W	0.221	0.996	0.298
W	0.223	0.995	0.300
P	0.119	0.989	0.495	0.307
T	0.136	0.999	0.631
T	0.136	1.010	0.628
T	0.120	0.996	0.582
P	0.125	1.005	0.508	0.303
T	0.124	1.011	0.584
W	0.236	1.013	0.300
T	0.117	0.999	0.589
T	0.129	1.008	0.603
T	0.132	0.989	0.618
T	0.129	0.990	0.619
P	0.120	0.999	0.483	0.305
W	0.235	1.007	0.306
T	0.121	0.996	0.595
T	0.134	1.018	0.615
W	0.219	1.018	0.296
W	0.225	0.997	0.303
W	0.232	1.008	0.305
W	0.223	1.001	0.298
T	0.125	0.988	0.613
W	0.217	0.992	0.300
W	0.227	1.005	0.296
P	0.126	0.990	0.510	0.307
W	0.226	0.996	0.299
T	0.134	1.021	0.604
W	0.216	0.994	0.298
T	0.124	1.012	0.590
W	0.230	0.996	0.300
W	0.225	0.995	0.302
T	0.097	0.997	0.539
W	0.230	1.006	0.299
P	0.119	1.005	0.496	0.304
T	0.120	0.992	0.599
P	0.129	1.008	0.506	0.317
T	0.126	1.013	0.598
T	0.126	0.992	0.614
P	0.115	0.986	0.502	0.286
P	0.121	0.993	0.485	0.302
P	0.119	1.006	0.511	0.293
W	0.223	1.008	0.296
T	0.120	0.994	0.593
W	0.217	0.980	0.301
W	0.216	1.007	0.302
W	0.218	1.001	0.299
T	0.106	1.006	0.558
W	0.238	1.002	0.301
W	0.226	1.000	0.296
P	0.124	0.987	0.512	0.299
P	0.119	0.984	0.478	0.304
W	0.215	0.988	0.297
W	0.224	1.004	0.298
P	0.117	1.014	0.519	0.277
W	0.215	1.008	0.298
T	0.126	1.011	0.595
P	0.121	0.992	0.502	0.311
P	0.117	0.980	0.497	0.299
T	0.139	1.008	0.620
P	0.120	1.008	0.497	0.296
W	0.224	1.004	0.303
P	0.117	1.001	0.497	0.296
P	0.118	0.982	0.509	0.296
W	0.224	0.988	0.301
T	0.129	0.980	0.629
P	0.132	1.007	0.511	0.315
W	0.226	0.996	0.303
W	0.219	0.992	0.299
P	0.113	1.000	0.493	0.287
T	0.127	0.998	0.609
P	0.121	1.009	0.497	0.303
T	0.133	0.981	0.619
T	0.134	1.001	0.611
T	0.128	1.001	0.598
W	0.224	0.993	0.300
P	0.114	0.984	0.494	0.303
P	0.116	1.009	0.483	0.306
P	0.115	1.000	0.499	0.290
P	0.126	1.015	0.500	0.307
T	0.126	0.997	0.606
T	0.119	0.995	0.596
P	0.119	1.010	0.510	0.305
P	0.114	1.002	0.496	0.290
P	0.117	0.994	0.495	0.302
T	0.122	0.988	0.599
T	0.114	1.008	0.573
P	0.119	0.982	0.499	0.297
W	0.229	1.009	0.299
W	0.221	1.008	0.298
W	0.219	1.007	0.300
T	0.117	0.996	0.595
W	0.220	0.985	0.302
T	0.117	0.996	0.583
P	0.130	1.008	0.514	0.309
W	0.228	1.001	0.305
T	0.134	1.001	0.612
T	0.118	0.991	0.592
W	0.226	0.997	0.297
W	0.239	0.997	0.303
P	0.122	1.008	0.478	0.305
P	0.117	0.994	0.504	0.305
P	0.130	1.004	0.499	0.322
T	0.119	1.013	0.586
T	0.131	0.997	0.617
W	0.226	1.020	0.293
T	0.135	1.010	0.615
T	0.108	1.009	0.559
W	0.235	0.996	0.304
W	0.233	1.008	0.305
T	0.128	0.986	0.609
T	0.126	0.995	0.603
P	0.120	0.989	0.493	0.300
P	0.120	0.985	0.513	0.304
W	0.230	0.995	0.304
W	0.218	1.001	0.300
T	0.128	0.983	0.612
P	0.124	1.007	0.508	0.301
T	0.123	1.022	0.578
T	0.121	0.988	0.597
P	0.113	0.998	0.480	0.294
T	0.126	0.995	0.618
T	0.132	1.008	0.614
P	0.125	0.992	0.509	0.308
T	0.125	0.989	0.614
W	0.229	1.018	0.299
W	0.225	1.003	0.297
P	0.118	0.981	0.488	0.294
W	0.237	1.011	0.304
W	0.231	1.004	0.303
P	0.127	0.998	0.511	0.306
T	0.124	1.014	0.592
P	0.114	1.001	0.505	0.292
P	0.121	0.996	0.504	0.302
P	0.120	0.989	0.487	0.308
W	0.228	1.000	0.301
T	0.124	0.996	0.608
W	0.226	0.988	0.297
T	0.111	0.987	0.577
W	0.216	0.993	0.298
T	0.123	0.989	0.605
T	0.124	1.007	0.595
W	0.215	1.004	0.299
W	0.230	1.004	0.296
P	0.122	1.004	0.502	0.298
P	0.115	1.013	0.511	0.285
W	0.210	0.994	0.293
P	0.126	1.000	0.513	0.305
T	0.123	0.998	0.599
T	0.134	0.994	0.616
P	0.122	0.991	0.503	0.293
W	0.235	1.012	0.307
T	0.127	1.008	0.615
T	0.136	0.990	0.620
T	0.128	0.980	0.617
P	0.111	0.985	0.496	0.287
T	0.122	1.010	0.593
W	0.228	1.004	0.299
W	0.227	0.993	0.299
W	0.229	0.986	0.304
P	0.116	0.991	0.509	0.282
W	0.247	1.014	0.305
P	0.127	1.000	0.500	0.316
W	0.230	0.998	0.301
T	0.130	0.990	0.610
W	0.218	1.007	0.295
P	0.124	1.004	0.499	0.310
W	0.225	1.012	0.298
P	0.129	1.028	0.507	0.312
P	0.123	0.992	0.504	0.301
P	0.118	0.987	0.508	0.292
T	0.123	1.004	0.587
T	0.118	0.999	0.578
P	0.124	0.998	0.508	0.311
W	0.219	1.004	0.298
P	0.119	1.009	0.504	0.295
P	0.109	0.983	0.507	0.278
P	0.129	1.004	0.493	0.319
T	0.128	1.000	0.602
P	0.119	1.004	0.500	0.306
W	0.231	1.005	0.296
P	0.123	1.006	0.511	0.297
T	0.131	0.991	0.593
T	0.118	0.999	0.583
T	0.125	0.989	0.606
W	0.235	0.998	0.297
T	0.125	1.009	0.592
T	0.127	1.016	0.600
T	0.123	0.984	0.601
P	0.118	1.015	0.492	0.302
W	0.220	0.983	0.298
P	0.122	0.990	0.498	0.303
P	0.117	0.999	0.488	0.286
W	0.231	1.003	0.299
W	0.207	0.999	0.295
T	0.120	0.999	0.592
W	0.236	1.001	0.299
P	0.114	1.017	0.496	0.276
W	0.217	0.985	0.297
T	0.130	0.999	0.604
P	0.119	1.006	0.498	0.291
P	0.114	1.004	0.488	0.287
T	0.139	1.021	0.612
W	0.217	0.997	0.293
W	0.229	1.005	0.300
W	0.227	0.995	0.304
T	0.122	0.994	0.599
T	0.125	1.004	0.603
P	0.117	0.994	0.484	0.293
W	0.219	0.984	0.301
P	0.119	0.990	0.500	0.301
P	0.119	0.998	0.494	0.300
T	0.119	1.001	0.584
T	0.120	1.004	0.595
W	0.213	0.987	0.297
P	0.121	1.000	0.481	0.309
P	0.118	1.015	0.505	0.295
T	0.120	1.007	0.595
T	0.128	1.011	0.608
T	0.127	1.004	0.589
W	0.236	1.004	0.305
W	0.220	0.999	0.297
W	0.228	1.004	0.299
T	0.134	0.976	0.625
T	0.127	0.998	0.599
W	0.229	0.999	0.300
P	0.118	0.998	0.503	0.297
T	0.122	0.994	0.605
P	0.113	0.998	0.502	0.291
P	0.121	1.000	0.502	0.294
T	0.122	0.980	0.598
P	0.120	1.015	0.503	0.299
W	0.229	1.013	0.298
T	0.128	1.000	0.610
W	0.220	1.005	0.295
T	0.127	1.007	0.601
T	0.119	0.997	0.581
W	0.227	1.002	0.300
T	0.112	1.013	0.564
W	0.232	1.017	0.301
T	0.123	0.995	0.595
W	0.228	1.011	0.302
T	0.125	1.004	0.603
W	0.223	0.982	0.302
W	0.232	1.010	0.301
P	0.118	1.000	0.507	0.283
W	0.223	0.996	0.302
P	0.118	1.005	0.499	0.280
P	0.121	0.993	0.512	0.299
P	0.120	1.012	0.490	0.311
P	0.114	1.002	0.492	0.293
T	0.123	0.999	0.606
W	0.234	0.994	0.298
W	0.229	1.008	0.299
W	0.225	1.012	0.298
W	0.227	0.998	0.293
P	0.115	0.999	0.490	0.301
W	0.225	1.000	0.304
T	0.121	1.003	0.592
W	0.224	1.007	0.294
T	0.127	0.993	0.603
T	0.119	0.982	0.587
W	0.221	0.984	0.302
W	0.223	0.995	0.301
T	0.128	0.997	0.614
P	0.118	0.995	0.484	0.312
T	0.123	1.002	0.593
T	0.118	1.022	0.591
W	0.231	0.991	0.300
T	0.126	1.000	0.609
W	0.214	1.002	0.295
P	0.121	1.004	0.483	0.299
W	0.232	1.001	0.303
P	0.115	0.981	0.487	0.307
P	0.121	1.003	0.500	0.311
T	0.122	1.013	0.586
P	0.117	1.001	0.502	0.287
P	0.112	0.996	0.492	0.304
T	0.114	0.993	0.583
T	0.140	1.012	0.626
W	0.234	1.002	0.299
P	0.116	0.995	0.493	0.295
P	0.113	0.995	0.489	0.302
W	0.222	0.996	0.299
P	0.122	0.986	0.506	0.307
T	0.137	1.004	0.628
P	0.124	1.002	0.505	0.302
T	0.122	1.006	0.576
P	0.125	1.003	0.511	0.304
W	0.227	0.994	0.300
W	0.226	1.007	0.300
W	0.232	0.996	0.301
P	0.116	1.003	0.491	0.295
P	0.115	0.999	0.488	0.297
W	0.235	1.007	0.299
T	0.132	1.002	0.619
P	0.125	0.987	0.506	0.299
T	0.119	1.002	0.582
T	0.120	0.993	0.582
P	0.130	1.006	0.505	0.313
W	0.206	1.009	0.292
T	0.110	1.000	0.588
W	0.222	0.990	0.298
P	0.124	1.003	0.501	0.301
T	0.136	1.002	0.623
P	0.118	1.013	0.491	0.296
P	0.111	1.001	0.498	0.288
W	0.236	0.987	0.302
T	0.133	1.011	0.598
W	0.222	0.996	0.300
T	0.122	0.990	0.582
T	0.132	1.012	0.615
P	0.116	0.997	0.493	0.300
P	0.124	1.006	0.513	0.299
P	0.127	0.981	0.512	0.309
W	0.222	0.983	0.297
P	0.119	1.005	0.476	0.306
P	0.126	0.992	0.506	0.309
P	0.134	1.004	0.498	0.330
T	0.123	0.994	0.599
P	0.120	0.996	0.491	0.305
T	0.125	1.009	0.600
P	0.112	1.015	0.491	0.289
W	0.232	1.003	0.304
W	0.228	1.004	0.296
W	0.223	0.972	0.302
W	0.226	1.014	0.298
W	0.240	1.000	0.305
P	0.125	1.008	0.493	0.313
T	0.132	1.013	0.615
W	0.231	1.000	0.302
P	0.119	1.001	0.508	0.298
P	0.116	1.002	0.509	0.282
P	0.122	0.984	0.504	0.305
W	0.217	1.008	0.293
P	0.121	1.001	0.504	0.299
P	0.117	0.998	0.506	0.281
P	0.114	1.005	0.495	0.297
W	0.236	0.997	0.304
W	0.212	0.990	0.296
W	0.211	1.006	0.293
T	0.123	0.996	0.593
P	0.109	0.995	0.474	0.286
P	0.108	1.012	0.493	0.286
T	0.125	1.015	0.604
W	0.212	1.008	0.298
W	0.229	0.999	0.298
P	0.120	1.015	0.505	0.298
P	0.120	1.009	0.503	0.286
P	0.122	0.985	0.522	0.294
P	0.123	1.015	0.510	0.297
P	0.116	0.980	0.515	0.304
P	0.118	0.995	0.492	0.299
P	0.125	1.012	0.509	0.308
W	0.225	1.011	0.297
T	0.110	0.993	0.580
W	0.217	0.994	0.299
W	0.232	1.008	0.300
W	0.227	1.019	0.304
W	0.233	0.987	0.300
T	0.116	1.006	0.577
T	0.131	1.015	0.610
T	0.129	0.994	0.615
T	0.135	0.999	0.606
W	0.229	0.991	0.301
W	0.225	1.004	0.297
P	0.107	0.993	0.472	0.293
P	0.116	1.008	0.491	0.296
W	0.219	1.007	0.300
T	0.116	1.014	0.578
