0.000000	0.000000
0.000100	0.314004
0.000200	0.627699
0.000300	0.940774
0.000400	1.252920
0.000500	1.563830
0.000600	1.873197
0.000700	2.180715
0.000800	2.486081
0.000900	2.788993
0.001000	3.089153
0.001100	3.386265
0.001200	3.680035
0.001300	3.970172
0.001400	4.256392
0.001500	4.538412
0.001600	4.815952
0.001700	5.088740
0.001800	5.356505
0.001900	5.618985
0.002000	5.875919
0.002100	6.127054
0.002200	6.372143
0.002300	6.610943
0.002400	6.843219
0.002500	7.068742
0.002600	7.287288
0.002700	7.498643
0.002800	7.702598
0.002900	7.898951
0.003000	8.087509
0.003100	8.268085
0.003200	8.440502
0.003300	8.604589
0.003400	8.760184
0.003500	8.907134
0.003600	9.045294
0.003700	9.174527
0.003800	9.294706
0.003900	9.405713
0.004000	9.507437
0.004100	9.599778
0.004200	9.682645
0.004300	9.755957
0.004400	9.819641
0.004500	9.873634
0.004600	9.917883
0.004700	9.952345
0.004800	9.976984
0.004900	9.991778
0.005000	9.996710
0.005100	9.991778
0.005200	9.976984
0.005300	9.952345
0.005400	9.917883
0.005500	9.873634
0.005600	9.819641
0.005700	9.755957
0.005800	9.682645
0.005900	9.599778
0.006000	9.507437
0.006100	9.405713
0.006200	9.294706
0.006300	9.174527
0.006400	9.045294
0.006500	8.907134
0.006600	8.760184
0.006700	8.604589
0.006800	8.440502
0.006900	8.268085
0.007000	8.087509
0.007100	7.898951
0.007200	7.702598
0.007300	7.498643
0.007400	7.287288
0.007500	7.068742
0.007600	6.843219
0.007700	6.610943
0.007800	6.372143
0.007900	6.127054
0.008000	5.875919
0.008100	5.618985
0.008200	5.356505
0.008300	5.088740
0.008400	4.815952
0.008500	4.538412
0.008600	4.256392
0.008700	3.970172
0.008800	3.680035
0.008900	3.386265
0.009000	3.089153
0.009100	2.788993
0.009200	2.486081
0.009300	2.180715
0.009400	1.873197
0.009500	1.563830
0.009600	1.252920
0.009700	0.940774
0.009800	0.627699
0.009900	0.314004
0.010000	0.000000
0.010100	-0.314004
0.010200	-0.627699
0.010300	-0.940774
0.010400	-1.252920
0.010500	-1.563830
0.010600	-1.873197
0.010700	-2.180715
0.010800	-2.486081
0.010900	-2.788993
0.011000	-3.089153
0.011100	-3.386265
0.011200	-3.680035
0.011300	-3.970172
0.011400	-4.256392
0.011500	-4.538412
0.011600	-4.815952
0.011700	-5.088740
0.011800	-5.356505
0.011900	-5.618985
0.012000	-5.875919
0.012100	-6.127054
0.012200	-6.372143
0.012300	-6.610943
0.012400	-6.843219
0.012500	-7.068742
0.012600	-7.287288
0.012700	-7.498643
0.012800	-7.702598
0.012900	-7.898951
0.013000	-8.087509
0.013100	-8.268085
0.013200	-8.440502
0.013300	-8.604589
0.013400	-8.760184
0.013500	-8.907134
0.013600	-9.045294
0.013700	-9.174527
0.013800	-9.294706
0.013900	-9.405713
0.014000	-9.507437
0.014100	-9.599778
0.014200	-9.682645
0.014300	-9.755957
0.014400	-9.819641
0.014500	-9.873634
0.014600	-9.917883
0.014700	-9.952345
0.014800	-9.976984
0.014900	-9.991778
0.015000	-9.996710
0.015100	-9.991778
0.015200	-9.976984
0.015300	-9.952345
0.015400	-9.917883
0.015500	-9.873634
0.015600	-9.819641
0.015700	-9.755957
0.015800	-9.682645
0.015900	-9.599778
0.016000	-9.507437
0.016100	-9.405713
0.016200	-9.294706
0.016300	-9.174527
0.016400	-9.045294
0.016500	-8.907134
0.016600	-8.760184
0.016700	-8.604589
0.016800	-8.440502
0.016900	-8.268085
0.017000	-8.087509
0.017100	-7.898951
0.017200	-7.702598
0.017300	-7.498643
0.017400	-7.287288
0.017500	-7.068742
0.017600	-6.843219
0.017700	-6.610943
0.017800	-6.372143
0.017900	-6.127054
0.018000	-5.875919
0.018100	-5.618985
0.018200	-5.356505
0.018300	-5.088740
0.018400	-4.815952
0.018500	-4.538412
0.018600	-4.256392
0.018700	-3.970172
0.018800	-3.680035
0.018900	-3.386265
0.019000	-3.089153
0.019100	-2.788993
0.019200	-2.486081
0.019300	-2.180715
0.019400	-1.873197
0.019500	-1.563830
0.019600	-1.252920
0.019700	-0.940774
0.019800	-0.627699
0.019900	-0.314004
0.020000	-0.000000
0.020100	0.314004
0.020200	0.627699
0.020300	0.940774
0.020400	1.252920
0.020500	1.563830
0.020600	1.873197
0.020700	2.180715
0.020800	2.486081
0.020900	2.788993
0.021000	3.089153
0.021100	3.386265
0.021200	3.680035
0.021300	3.970172
0.021400	4.256392
0.021500	4.538412
0.021600	4.815952
0.021700	5.088740
0.021800	5.356505
0.021900	5.618985
0.022000	5.875919
0.022100	6.127054
0.022200	6.372143
0.022300	6.610943
0.022400	6.843219
0.022500	7.068742
0.022600	7.287288
0.022700	7.498643
0.022800	7.702598
0.022900	7.898951
0.023000	8.087509
0.023100	8.268085
0.023200	8.440502
0.023300	8.604589
0.023400	8.760184
0.023500	8.907134
0.023600	9.045294
0.023700	9.174527
0.023800	9.294706
0.023900	9.405713
0.024000	9.507437
0.024100	9.599778
0.024200	9.682645
0.024300	9.755957
0.024400	9.819641
0.024500	9.873634
0.024600	9.917883
0.024700	9.952345
0.024800	9.976984
0.024900	9.991778
0.025000	9.996710
0.025100	9.991778
0.025200	9.976984
0.025300	9.952345
0.025400	9.917883
0.025500	9.873634
0.025600	9.819641
0.025700	9.755957
0.025800	9.682645
0.025900	9.599778
0.026000	9.507437
0.026100	9.405713
0.026200	9.294706
0.026300	9.174527
0.026400	9.045294
0.026500	8.907134
0.026600	8.760184
0.026700	8.604589
0.026800	8.440502
0.026900	8.268085
0.027000	8.087509
0.027100	7.898951
0.027200	7.702598
0.027300	7.498643
0.027400	7.287288
0.027500	7.068742
0.027600	6.843219
0.027700	6.610943
0.027800	6.372143
0.027900	6.127054
0.028000	5.875919
0.028100	5.618985
0.028200	5.356505
0.028300	5.088740
0.028400	4.815952
0.028500	4.538412
0.028600	4.256392
0.028700	3.970172
0.028800	3.680035
0.028900	3.386265
0.029000	3.089153
0.029100	2.788993
0.029200	2.486081
0.029300	2.180715
0.029400	1.873197
0.029500	1.563830
0.029600	1.252920
0.029700	0.940774
0.029800	0.627699
0.029900	0.314004
0.030000	0.000000
0.030100	-0.314004
0.030200	-0.627699
0.030300	-0.940774
0.030400	-1.252920
0.030500	-1.563830
0.030600	-1.873197
0.030700	-2.180715
0.030800	-2.486081
0.030900	-2.788993
0.031000	-3.089153
0.031100	-3.386265
0.031200	-3.680035
0.031300	-3.970172
0.031400	-4.256392
0.031500	-4.538412
0.031600	-4.815952
0.031700	-5.088740
0.031800	-5.356505
0.031900	-5.618985
0.032000	-5.875919
0.032100	-6.127054
0.032200	-6.372143
0.032300	-6.610943
0.032400	-6.843219
0.032500	-7.068742
0.032600	-7.287288
0.032700	-7.498643
0.032800	-7.702598
0.032900	-7.898951
0.033000	-8.087509
0.033100	-8.268085
0.033200	-8.440502
0.033300	-8.604589
0.033400	-8.760184
0.033500	-8.907134
0.033600	-9.045294
0.033700	-9.174527
0.033800	-9.294706
0.033900	-9.405713
0.034000	-9.507437
0.034100	-9.599778
0.034200	-9.682645
0.034300	-9.755957
0.034400	-9.819641
0.034500	-9.873634
0.034600	-9.917883
0.034700	-9.952345
0.034800	-9.976984
0.034900	-9.991778
0.035000	-9.996710
0.035100	-9.991778
0.035200	-9.976984
0.035300	-9.952345
0.035400	-9.917883
0.035500	-9.873634
0.035600	-9.819641
0.035700	-9.755957
0.035800	-9.682645
0.035900	-9.599778
0.036000	-9.507437
0.036100	-9.405713
0.036200	-9.294706
0.036300	-9.174527
0.036400	-9.045294
0.036500	-8.907134
0.036600	-8.760184
0.036700	-8.604589
0.036800	-8.440502
0.036900	-8.268085
0.037000	-8.087509
0.037100	-7.898951
0.037200	-7.702598
0.037300	-7.498643
0.037400	-7.287288
0.037500	-7.068742
0.037600	-6.843219
0.037700	-6.610943
0.037800	-6.372143
0.037900	-6.127054
0.038000	-5.875919
0.038100	-5.618985
0.038200	-5.356505
0.038300	-5.088740
0.038400	-4.815952
0.038500	-4.538412
0.038600	-4.256392
0.038700	-3.970172
0.038800	-3.680035
0.038900	-3.386265
0.039000	-3.089153
0.039100	-2.788993
0.039200	-2.486081
0.039300	-2.180715
0.039400	-1.873197
0.039500	-1.563830
0.039600	-1.252920
0.039700	-0.940774
0.039800	-0.627699
0.039900	-0.314004
0.040000	0.000000
0.040100	0.314004
0.040200	0.627699
0.040300	0.940774
0.040400	1.252920
0.040500	1.563830
0.040600	1.873197
0.040700	2.180715
0.040800	2.486081
0.040900	2.788993
0.041000	3.089153
0.041100	3.386265
0.041200	3.680035
0.041300	3.970172
0.041400	4.256392
0.041500	4.538412
0.041600	4.815952
0.041700	5.088740
0.041800	5.356505
0.041900	5.618985
0.042000	5.875919
0.042100	6.127054
0.042200	6.372143
0.042300	6.610943
0.042400	6.843219
0.042500	7.068742
0.042600	7.287288
0.042700	7.498643
0.042800	7.702598
0.042900	7.898951
0.043000	8.087509
0.043100	8.268085
0.043200	8.440502
0.043300	8.604589
0.043400	8.760184
0.043500	8.907134
0.043600	9.045294
0.043700	9.174527
0.043800	9.294706
0.043900	9.405713
0.044000	9.507437
0.044100	9.599778
0.044200	9.682645
0.044300	9.755957
0.044400	9.819641
0.044500	9.873634
0.044600	9.917883
0.044700	9.952345
0.044800	9.976984
0.044900	9.991778
0.045000	9.996710
0.045100	9.991778
0.045200	9.976984
0.045300	9.952345
0.045400	9.917883
0.045500	9.873634
0.045600	9.819641
0.045700	9.755957
0.045800	9.682645
0.045900	9.599778
0.046000	9.507437
0.046100	9.405713
0.046200	9.294706
0.046300	9.174527
0.046400	9.045294
0.046500	8.907134
0.046600	8.760184
0.046700	8.604589
0.046800	8.440502
0.046900	8.268085
0.047000	8.087509
0.047100	7.898951
0.047200	7.702598
0.047300	7.498643
0.047400	7.287288
0.047500	7.068742
0.047600	6.843219
0.047700	6.610943
0.047800	6.372143
0.047900	6.127054
0.048000	5.875919
0.048100	5.618985
0.048200	5.356505
0.048300	5.088740
0.048400	4.815952
0.048500	4.538412
0.048600	4.256392
0.048700	3.970172
0.048800	3.680035
0.048900	3.386265
0.049000	3.089153
0.049100	2.788993
0.049200	2.486081
0.049300	2.180715
0.049400	1.873197
0.049500	1.563830
0.049600	1.252920
0.049700	0.940774
0.049800	0.627699
0.049900	0.314004
0.050000	-0.000000
0.050100	-0.314004
0.050200	-0.627699
0.050300	-0.940774
0.050400	-1.252920
0.050500	-1.563830
0.050600	-1.873197
0.050700	-2.180715
0.050800	-2.486081
0.050900	-2.788993
0.051000	-3.089153
0.051100	-3.386265
0.051200	-3.680035
0.051300	-3.970172
0.051400	-4.256392
0.051500	-4.538412
0.051600	-4.815952
0.051700	-5.088740
0.051800	-5.356505
0.051900	-5.618985
0.052000	-5.875919
0.052100	-6.127054
0.052200	-6.372143
0.052300	-6.610943
0.052400	-6.843219
0.052500	-7.068742
0.052600	-7.287288
0.052700	-7.498643
0.052800	-7.702598
0.052900	-7.898951
0.053000	-8.087509
0.053100	-8.268085
0.053200	-8.440502
0.053300	-8.604589
0.053400	-8.760184
0.053500	-8.907134
0.053600	-9.045294
0.053700	-9.174527
0.053800	-9.294706
0.053900	-9.405713
0.054000	-9.507437
0.054100	-9.599778
0.054200	-9.682645
0.054300	-9.755957
0.054400	-9.819641
0.054500	-9.873634
0.054600	-9.917883
0.054700	-9.952345
0.054800	-9.976984
0.054900	-9.991778
0.055000	-9.996710
0.055100	-9.991778
0.055200	-9.976984
0.055300	-9.952345
0.055400	-9.917883
0.055500	-9.873634
0.055600	-9.819641
0.055700	-9.755957
0.055800	-9.682645
0.055900	-9.599778
0.056000	-9.507437
0.056100	-9.405713
0.056200	-9.294706
0.056300	-9.174527
0.056400	-9.045294
0.056500	-8.907134
0.056600	-8.760184
0.056700	-8.604589
0.056800	-8.440502
0.056900	-8.268085
0.057000	-8.087509
0.057100	-7.898951
0.057200	-7.702598
0.057300	-7.498643
0.057400	-7.287288
0.057500	-7.068742
0.057600	-6.843219
0.057700	-6.610943
0.057800	-6.372143
0.057900	-6.127054
0.058000	-5.875919
0.058100	-5.618985
0.058200	-5.356505
0.058300	-5.088740
0.058400	-4.815952
0.058500	-4.538412
0.058600	-4.256392
0.058700	-3.970172
0.058800	-3.680035
0.058900	-3.386265
0.059000	-3.089153
0.059100	-2.788993
0.059200	-2.486081
0.059300	-2.180715
0.059400	-1.873197
0.059500	-1.563830
0.059600	-1.252920
0.059700	-0.940774
0.059800	-0.627699
0.059900	-0.314004
0.060000	0.000000
0.060100	0.314004
0.060200	0.627699
0.060300	0.940774
0.060400	1.252920
0.060500	1.563830
0.060600	1.873197
0.060700	2.180715
0.060800	2.486081
0.060900	2.788993
0.061000	3.089153
0.061100	3.386265
0.061200	3.680035
0.061300	3.970172
0.061400	4.256392
0.061500	4.538412
0.061600	4.815952
0.061700	5.088740
0.061800	5.356505
0.061900	5.618985
0.062000	5.875919
0.062100	6.127054
0.062200	6.372143
0.062300	6.610943
0.062400	6.843219
0.062500	7.068742
0.062600	7.287288
0.062700	7.498643
0.062800	7.702598
0.062900	7.898951
0.063000	8.087509
0.063100	8.268085
0.063200	8.440502
0.063300	8.604589
0.063400	8.760184
0.063500	8.907134
0.063600	9.045294
0.063700	9.174527
0.063800	9.294706
0.063900	9.405713
0.064000	9.507437
0.064100	9.599778
0.064200	9.682645
0.064300	9.755957
0.064400	9.819641
0.064500	9.873634
0.064600	9.917883
0.064700	9.952345
0.064800	9.976984
0.064900	9.991778
0.065000	9.996710
0.065100	9.991778
0.065200	9.976984
0.065300	9.952345
0.065400	9.917883
0.065500	9.873634
0.065600	9.819641
0.065700	9.755957
0.065800	9.682645
0.065900	9.599778
0.066000	9.507437
0.066100	9.405713
0.066200	9.294706
0.066300	9.174527
0.066400	9.045294
0.066500	8.907134
0.066600	8.760184
0.066700	8.604589
0.066800	8.440502
0.066900	8.268085
0.067000	8.087509
0.067100	7.898951
0.067200	7.702598
0.067300	7.498643
0.067400	7.287288
0.067500	7.068742
0.067600	6.843219
0.067700	6.610943
0.067800	6.372143
0.067900	6.127054
0.068000	5.875919
0.068100	5.618985
0.068200	5.356505
0.068300	5.088740
0.068400	4.815952
0.068500	4.538412
0.068600	4.256392
0.068700	3.970172
0.068800	3.680035
0.068900	3.386265
0.069000	3.089153
0.069100	2.788993
0.069200	2.486081
0.069300	2.180715
0.069400	1.873197
0.069500	1.563830
0.069600	1.252920
0.069700	0.940774
0.069800	0.627699
0.069900	0.314004
0.070000	-0.000000
0.070100	-0.314004
0.070200	-0.627699
0.070300	-0.940774
0.070400	-1.252920
0.070500	-1.563830
0.070600	-1.873197
0.070700	-2.180715
0.070800	-2.486081
0.070900	-2.788993
0.071000	-3.089153
0.071100	-3.386265
0.071200	-3.680035
0.071300	-3.970172
0.071400	-4.256392
0.071500	-4.538412
0.071600	-4.815952
0.071700	-5.088740
0.071800	-5.356505
0.071900	-5.618985
0.072000	-5.875919
0.072100	-6.127054
0.072200	-6.372143
0.072300	-6.610943
0.072400	-6.843219
0.072500	-7.068742
0.072600	-7.287288
0.072700	-7.498643
0.072800	-7.702598
0.072900	-7.898951
0.073000	-8.087509
0.073100	-8.268085
0.073200	-8.440502
0.073300	-8.604589
0.073400	-8.760184
0.073500	-8.907134
0.073600	-9.045294
0.073700	-9.174527
0.073800	-9.294706
0.073900	-9.405713
0.074000	-9.507437
0.074100	-9.599778
0.074200	-9.682645
0.074300	-9.755957
0.074400	-9.819641
0.074500	-9.873634
0.074600	-9.917883
0.074700	-9.952345
0.074800	-9.976984
0.074900	-9.991778
0.075000	-9.996710
0.075100	-9.991778
0.075200	-9.976984
0.075300	-9.952345
0.075400	-9.917883
0.075500	-9.873634
0.075600	-9.819641
0.075700	-9.755957
0.075800	-9.682645
0.075900	-9.599778
0.076000	-9.507437
0.076100	-9.405713
0.076200	-9.294706
0.076300	-9.174527
0.076400	-9.045294
0.076500	-8.907134
0.076600	-8.760184
0.076700	-8.604589
0.076800	-8.440502
0.076900	-8.268085
0.077000	-8.087509
0.077100	-7.898951
0.077200	-7.702598
0.077300	-7.498643
0.077400	-7.287288
0.077500	-7.068742
0.077600	-6.843219
0.077700	-6.610943
0.077800	-6.372143
0.077900	-6.127054
0.078000	-5.875919
0.078100	-5.618985
0.078200	-5.356505
0.078300	-5.088740
0.078400	-4.815952
0.078500	-4.538412
0.078600	-4.256392
0.078700	-3.970172
0.078800	-3.680035
0.078900	-3.386265
0.079000	-3.089153
0.079100	-2.788993
0.079200	-2.486081
0.079300	-2.180715
0.079400	-1.873197
0.079500	-1.563830
0.079600	-1.252920
0.079700	-0.940774
0.079800	-0.627699
0.079900	-0.314004
0.080000	0.000000
0.080100	0.314004
0.080200	0.627699
0.080300	0.940774
0.080400	1.252920
0.080500	1.563830
0.080600	1.873197
0.080700	2.180715
0.080800	2.486081
0.080900	2.788993
0.081000	3.089153
0.081100	3.386265
0.081200	3.680035
0.081300	3.970172
0.081400	4.256392
0.081500	4.538412
0.081600	4.815952
0.081700	5.088740
0.081800	5.356505
0.081900	5.618985
0.082000	5.875919
0.082100	6.127054
0.082200	6.372143
0.082300	6.610943
0.082400	6.843219
0.082500	7.068742
0.082600	7.287288
0.082700	7.498643
0.082800	7.702598
0.082900	7.898951
0.083000	8.087509
0.083100	8.268085
0.083200	8.440502
0.083300	8.604589
0.083400	8.760184
0.083500	8.907134
0.083600	9.045294
0.083700	9.174527
0.083800	9.294706
0.083900	9.405713
0.084000	9.507437
0.084100	9.599778
0.084200	9.682645
0.084300	9.755957
0.084400	9.819641
0.084500	9.873634
0.084600	9.917883
0.084700	9.952345
0.084800	9.976984
0.084900	9.991778
0.085000	9.996710
0.085100	9.991778
0.085200	9.976984
0.085300	9.952345
0.085400	9.917883
0.085500	9.873634
0.085600	9.819641
0.085700	9.755957
0.085800	9.682645
0.085900	9.599778
0.086000	9.507437
0.086100	9.405713
0.086200	9.294706
0.086300	9.174527
0.086400	9.045294
0.086500	8.907134
0.086600	8.760184
0.086700	8.604589
0.086800	8.440502
0.086900	8.268085
0.087000	8.087509
0.087100	7.898951
0.087200	7.702598
0.087300	7.498643
0.087400	7.287288
0.087500	7.068742
0.087600	6.843219
0.087700	6.610943
0.087800	6.372143
0.087900	6.127054
0.088000	5.875919
0.088100	5.618985
0.088200	5.356505
0.088300	5.088740
0.088400	4.815952
0.088500	4.538412
0.088600	4.256392
0.088700	3.970172
0.088800	3.680035
0.088900	3.386265
0.089000	3.089153
0.089100	2.788993
0.089200	2.486081
0.089300	2.180715
0.089400	1.873197
0.089500	1.563830
0.089600	1.252920
0.089700	0.940774
0.089800	0.627699
0.089900	0.314004
0.090000	-0.000000
0.090100	-0.314004
0.090200	-0.627699
0.090300	-0.940774
0.090400	-1.252920
0.090500	-1.563830
0.090600	-1.873197
0.090700	-2.180715
0.090800	-2.486081
0.090900	-2.788993
0.091000	-3.089153
0.091100	-3.386265
0.091200	-3.680035
0.091300	-3.970172
0.091400	-4.256392
0.091500	-4.538412
0.091600	-4.815952
0.091700	-5.088740
0.091800	-5.356505
0.091900	-5.618985
0.092000	-5.875919
0.092100	-6.127054
0.092200	-6.372143
0.092300	-6.610943
0.092400	-6.843219
0.092500	-7.068742
0.092600	-7.287288
0.092700	-7.498643
0.092800	-7.702598
0.092900	-7.898951
0.093000	-8.087509
0.093100	-8.268085
0.093200	-8.440502
0.093300	-8.604589
0.093400	-8.760184
0.093500	-8.907134
0.093600	-9.045294
0.093700	-9.174527
0.093800	-9.294706
0.093900	-9.405713
0.094000	-9.507437
0.094100	-9.599778
0.094200	-9.682645
0.094300	-9.755957
0.094400	-9.819641
0.094500	-9.873634
0.094600	-9.917883
0.094700	-9.952345
0.094800	-9.976984
0.094900	-9.991778
0.095000	-9.996710
0.095100	-9.991778
0.095200	-9.976984
0.095300	-9.952345
0.095400	-9.917883
0.095500	-9.873634
0.095600	-9.819641
0.095700	-9.755957
0.095800	-9.682645
0.095900	-9.599778
0.096000	-9.507437
0.096100	-9.405713
0.096200	-9.294706
0.096300	-9.174527
0.096400	-9.045294
0.096500	-8.907134
0.096600	-8.760184
0.096700	-8.604589
0.096800	-8.440502
0.096900	-8.268085
0.097000	-8.087509
0.097100	-7.898951
0.097200	-7.702598
0.097300	-7.498643
0.097400	-7.287288
0.097500	-7.068742
0.097600	-6.843219
0.097700	-6.610943
0.097800	-6.372143
0.097900	-6.127054
0.098000	-5.875919
0.098100	-5.618985
0.098200	-5.356505
0.098300	-5.088740
0.098400	-4.815952
0.098500	-4.538412
0.098600	-4.256392
0.098700	-3.970172
0.098800	-3.680035
0.098900	-3.386265
0.099000	-3.089153
0.099100	-2.788993
0.099200	-2.486081
0.099300	-2.180715
0.099400	-1.873197
0.099500	-1.563830
0.099600	-1.252920
0.000000	-0.940774
